# Elapsed time   CPU (%)     Real (MB)   Virtual (MB)
       0.000        0.000      102.262      153.539
       1.002        0.000      102.262      153.539
       2.003        0.000      102.262      153.539
       3.005        0.000      102.262      153.539
       4.006        0.000      102.262      153.539
       5.008        0.000      102.262      153.539
       6.010        0.000      102.262      153.539
       7.011        0.000      102.262      153.539
       8.013        0.000      102.262      153.539
       9.014        0.000      102.262      153.539
      10.016        0.000      102.262      153.539
      11.018        0.000      102.262      153.539
      12.020        0.000      102.262      153.539
      13.021        0.000      102.262      153.539
      14.023        0.000      102.262      153.539
      15.026        0.000      102.262      153.539
      16.028        0.000      102.262      153.539
      17.034        0.000      102.262      153.539
      18.036        0.000      102.262      153.539
      19.038        0.000      102.262      153.539
      20.040        0.000      102.262      153.539
      21.041        0.000      102.262      153.539
      22.043        0.000      102.262      153.539
      23.044        0.000      102.262      153.539
      24.046        0.000      102.262      153.539
      25.048        0.000      102.262      153.539
      26.049        2.000      102.262      153.539
      27.057        0.000      102.262      153.539
      28.058        0.000      102.262      153.539
      29.060        0.000      102.262      153.539
      30.061        0.000      102.262      153.539
      31.063        0.000      102.262      153.539
      32.063        0.000      102.262      153.539
      33.065        0.000      102.262      153.539
      34.066        0.000      102.262      153.539
      35.068        0.000      102.262      153.539
      36.071        0.000      102.262      153.539
      37.073        0.000      102.262      153.539
      38.074        0.000      102.262      153.539
      39.076        0.000      102.262      153.539
      40.077        0.000      102.262      153.539
      41.078        0.000      102.262      153.539
      42.085        0.000      102.262      153.539
      43.086        0.000      102.262      153.539
      44.088        0.000      102.262      153.539
      45.089        0.000      102.262      153.539
      46.091        0.000      102.262      153.539
      47.093        0.000      102.262      153.539
      48.094        0.000      102.262      153.539
      49.095        0.000      102.262      153.539
      50.097        0.000      102.262      153.539
      51.099        0.000      102.262      153.539
      52.101        0.000      102.262      153.539
      53.105        0.000      102.262      153.539
      54.107        0.000      102.262      153.539
      55.108        0.000      102.262      153.539
      56.110        0.000      102.262      153.539
      57.114        0.000      102.262      153.539
      58.116        0.000      102.262      153.539
      59.117        0.000      102.262      153.539
