# Elapsed time   CPU (%)     Real (MB)   Virtual (MB)
       0.000        0.000      124.582      184.062
       1.002        0.000      124.582      184.062
       2.004        1.000      124.582      184.062
       3.007        0.000      124.582      184.062
       4.007        0.000      124.582      184.062
       5.009        1.000      124.582      184.062
       6.010        0.000      124.582      184.062
       7.013        0.000      124.582      184.062
       8.014        0.000      124.582      184.062
       9.016        0.000      124.582      184.062
      10.017        1.000      124.582      184.062
      11.018        0.000      124.582      184.062
      12.022        0.000      124.582      184.062
      13.023        0.000      124.582      184.062
      14.025        1.000      124.582      184.062
      15.031        1.000      124.582      184.062
      16.034        0.000      124.582      184.062
      17.037        0.000      124.582      184.062
      18.038        0.000      124.582      184.062
      19.040        0.000      124.582      184.062
      20.042        0.000      124.582      184.062
      21.043        1.000      124.582      184.062
      22.049        0.000      124.582      184.062
      23.050        1.000      124.582      184.062
      24.052        0.000      124.582      184.062
      25.053        0.000      124.582      184.062
      26.056        0.000      124.582      184.062
      27.057        0.000      124.582      184.062
      28.058        1.000      124.582      184.062
      29.060        0.000      124.582      184.062
      30.061        0.000      124.582      184.062
      31.062        0.000      124.582      184.062
      32.066        0.000      124.582      184.062
      33.067        1.000      124.582      184.062
      34.068        0.000      124.582      184.062
      35.070        0.000      124.582      184.062
      36.072        0.000      124.582      184.062
      37.078        1.000      124.582      184.062
      38.080        0.000      124.582      184.062
      39.081        0.000      124.582      184.062
      40.082        1.000      124.582      184.062
      41.085        0.000      124.582      184.062
      42.087        0.000      124.582      184.062
      43.088        0.000      124.582      184.062
      44.089        1.000      124.582      184.062
      45.090        0.000      124.582      184.062
      46.092        0.000      124.582      184.062
      47.094        0.000      124.582      184.062
      48.096        1.000      124.582      184.062
      49.097        0.000      124.582      184.062
      50.098        0.000      124.582      184.062
      51.100        1.000      124.582      184.062
      52.106        0.000      124.582      184.062
      53.108        0.000      124.582      184.062
      54.110        1.000      124.582      184.062
      55.111        0.000      124.582      184.062
      56.114        0.000      124.582      184.062
      57.118        0.000      124.582      184.062
      58.120        0.000      124.582      184.062
      59.122        1.000      124.582      184.062
